GENE
COMMON
gal1RG
gal4RG
gal80R
gal1RG
gal4RG
gal80R

YHR051W
COX6
-0.034
0.111
-0.304
3.75720e-01
1.56240e-02
7.91340e-06

YHR124W
NDT80
-0.090
0.007
-0.348
2.71460e-01
9.64330e-01
3.44760e-01

YKL181W
PRS1
-0.167
-0.233
0.112
6.27120e-03
7.89400e-04
1.44060e-01

YGR072W
UPF3
0.245
-0.471
0.787
4.10450e-04
7.51780e-04
1.37130e-05

YHL020C
OPI1
0.174
-0.015
0.151
1.40160e-04
7.19120e-01
1.53950e-02

YGR145W
YGR145W
0.387
-0.577
-0.088
5.37920e-03
8.27330e-03
7.64180e-01

YGL041C
YGL041C
0.285
-0.086
0.103
4.46050e-04
4.50790e-01
7.03040e-01

YGR218W
CRM1
-0.018
-0.001
-0.018
6.13810e-01
9.79400e-01
8.09690e-01

YOR202W
HIS3
-0.432
-0.710
0.239
1.09790e-02
1.79790e-04
5.48950e-03

YCR005C
CIT2
0.085
0.392
0.464
4.18980e-02
1.53050e-06
2.74360e-06

YER187W
KHS1
0.159
0.139
-0.045
8.51260e-04
4.17830e-03
6.18020e-01

YBR026C
YBR026C
0.276
0.189
0.291
3.63320e-05
6.15230e-04
1.24430e-03

YMR244W
YMR244W
0.078
-0.239
-0.072
5.76050e-01
3.55240e-01
8.85690e-01

YMR317W
YMR317W
-0.181
0.086
-0.453
5.94980e-02
3.03060e-01
7.60020e-03

YAR047C
YAR047C
-0.234
-0.109
0.155
2.46640e-02
4.96380e-01
4.83330e-01

YIR031C
DAL7
0.289
-0.161
1.085
3.04210e-05
8.90570e-02
2.51800e-07

YDL177C
YDL177C
-0.002
-0.367
0.633
9.79400e-01
1.42900e-02
6.05450e-03

YLR338W
YLR338W
-0.216
0.096
-0.238
2.15180e-05
5.11510e-02
9.32590e-03

YGR073C
YGR073C
-0.125
-0.126
-0.051
5.55560e-02
1.71320e-01
7.89410e-01

YGR146C
YGR146C
-0.189
-0.067
0.341
3.72480e-03
2.88770e-01
4.61960e-03

YOR130C
ORT1
-0.025
-0.322
0.172
5.92360e-01
6.13670e-05
2.37790e-02

YLR193C
YLR193C
0.124
0.057
-0.052
8.16620e-03
2.30570e-01
6.30040e-01

YMR318C
YMR318C
0.068
-0.716
0.558
1.10340e-01
1.49790e-08
5.55910e-08

YLR266C
YLR266C
-0.058
0.066
-0.136
1.31160e-01
1.39630e-01
6.49860e-02

YGL114W
YGL114W
-0.009
-0.076
0.224
8.59500e-01
2.32420e-01
1.42010e-01

YLR339C
YLR339C
-0.239
-0.072
-0.362
2.57470e-06
2.60270e-01
5.80940e-06

YFL062W
COS4
-0.192
0.213
-0.561
3.44560e-05
1.62290e-04
3.31070e-13

YJR010W
MET3
-0.253
-0.136
-0.017
2.91960e-06
1.71460e-02
8.56570e-01

YHR052W
YHR052W
0.101
-0.324
0.126
1.39850e-02
3.82030e-05
1.95990e-01

YKL182W
FAS1
-0.140
-0.183
-0.415
9.08500e-04
1.19420e-03
2.43900e-08

YHR125W
YHR125W
-0.513
-0.052
-0.036
2.40260e-04
1.01320e-01
7.78200e-01

YHL021C
YHL021C
-0.130
0.544
-0.757
4.44280e-03
1.84500e-06
6.01690e-18

YGR219W
YGR219W
-0.070
-0.188
-0.206
1.66960e-01
2.29010e-02
1.58970e-01

YGL042C
YGL042C
-0.075
-0.408
0.028
2.69230e-01
3.02660e-03
8.95260e-01

YOR203W
YOR203W
-0.492
-0.561
0.359
6.48760e-09
1.80630e-05
1.86630e-01

YCR006C
YCR006C
-0.067
0.055
0.410
4.05710e-01
6.63470e-01
8.10030e-02

YER188W
YER188W
-0.322
-0.285
-0.089
4.03760e-02
1.85790e-01
7.21210e-01

YMR172W
HOT1
0.162
-0.332
0.489
3.39870e-02
1.31310e-03
1.96070e-03

YNL120C
YNL120C
-0.053
-0.800
0.428
5.64090e-01
5.14230e-04
7.51560e-02

YBR027C
YBR027C
-0.210
-0.110
0.307
8.47300e-03
4.27360e-01
7.58960e-02

YMR245W
YMR245W
0.095
-0.187
0.213
5.49810e-02
3.40940e-02
8.66970e-02

YJR011C
YJR011C
-0.112
-0.545
0.142
1.85960e-01
2.52110e-02
6.59060e-01

YIR032C
DAL3
0.181
-0.148
-0.004
8.14360e-02
5.29160e-01
9.99999e-01

YHR053C
CUP1A
-0.656
-0.750
0.795
1.67310e-04
8.46380e-04
1.51870e-10

YHR126C
YHR126C
-0.238
0.193
-0.071
2.36540e-04
9.74530e-04
5.56390e-01

YPR110C
RPC40
-0.120
-0.339
-0.026
1.96070e-03
1.27430e-05
7.05640e-01

YGR147C
NAT2
0.158
-0.074
0.295
7.17510e-04
1.83220e-01
7.18280e-03

YOR131C
YOR131C
-0.037
-0.135
-0.113
3.43680e-01
1.20150e-02
1.28600e-01

YAL016W
TPD3
0.053
0.198
-0.055
2.11860e-01
6.89500e-04
4.22030e-01

YLR194C
YLR194C
0.046
-0.383
0.251
2.86640e-01
1.46600e-04
2.82510e-02

YMR319C
FET4
-0.182
-0.327
-0.360
7.00470e-04
1.09890e-04
3.48440e-07

YGL115W
SNF4
-0.111
0.112
-0.221
5.85410e-03
1.12340e-02
2.75350e-03

YFL063W
YFL063W
0.128
-0.152
-0.001
6.69880e-02
2.89770e-01
9.99999e-01

YDL178W
AIP2
-0.131
-0.091
-0.693
1.80100e-03
7.77810e-02
2.14570e-12

YKL183W
YKL183W
-0.116
-0.151
-0.045
7.62850e-03
2.51430e-02
6.30540e-01

YGR074W
SMD1
-0.074
-0.133
0.029
1.19390e-01
8.22100e-02
8.07550e-01

YHL022C
SPO11
-0.402
-0.499
0.176
4.71620e-04
1.19080e-01
4.21550e-01

YDR493W
YDR493W
0.062
-0.077
-0.204
3.18440e-01
2.37620e-01
1.61090e-01

YOR204W
DED1
-0.033
-0.056
-0.910
3.99440e-01
3.12680e-01
8.34900e-16

YCR007C
YCR007C
-0.019
0.003
0.387
7.66740e-01
9.79400e-01
5.61670e-03

YFL064C
YFL064C
0.032
-0.011
-0.261
4.65490e-01
8.20760e-01
5.18620e-03

YER189W
YER189W
0.211
0.082
-0.026
3.03140e-05
8.04400e-02
7.10280e-01

YNL121C
TOM70
0.162
0.024
-0.514
1.21720e-03
6.32020e-01
3.14050e-07

YBR028C
YBR028C
0.004
-0.323
0.219
9.31760e-01
1.38290e-04
1.30940e-01

YMR173W
DDR48
-0.873
0.096
-0.692
1.48840e-11
3.03670e-01
3.52770e-15

YMR246W
FAA4
-0.001
-0.499
0.600
9.79400e-01
2.25910e-05
1.27350e-07

YJR012C
YJR012C
0.124
0.085
0.015
8.92050e-02
3.41710e-01
8.95260e-01

YLR267W
BOP2
0.199
0.403
0.640
4.53770e-04
2.42730e-05
1.19290e-05

YHR054C
YHR054C
-0.071
0.055
-0.015
9.88090e-02
1.89090e-01
8.46790e-01

YGR075C
PRP38
-0.075
-0.227
0.081
1.84370e-01
9.43450e-03
6.19910e-01

YGR148C
RPL24B
-0.202
-0.423
-0.126
9.95090e-05
1.33550e-06
3.88370e-02

YOR205C
YOR205C
0.069
0.030
0.389
2.15510e-01
7.80940e-01
2.63030e-02

YAL017W
YAL017W
-0.122
-0.019
-0.251
2.55330e-03
7.02390e-01
2.65410e-04

YIL001W
YIL001W
-0.044
-0.096
-0.032
3.27520e-01
1.65560e-01
7.71950e-01

YMR174C
PAI3
-0.070
-0.088
-0.190
6.66630e-02
1.25930e-01
3.17050e-03

YLR195C
NMT1
-0.003
-0.316
-0.012
9.41780e-01
5.11950e-05
9.12770e-01

YGL043W
DST1
0.156
-0.466
0.568
4.35230e-03
2.93520e-05
1.07510e-04

YGL116W
CDC20
0.006
-0.066
0.294
9.20340e-01
5.34760e-01
3.89590e-02

YOL100W
PKH2
-0.119
-0.049
0.160
6.34510e-01
8.28970e-01
4.70840e-01

YLR287C-A
RPS30A
-0.289
-0.288
-0.095
6.11880e-06
3.13860e-05
9.16400e-02

YDL179W
PCL9
0.189
0.012
-0.028
6.98210e-04
8.33850e-01
7.75500e-01

YIR033W
MGA2
0.079
-0.142
0.051
1.26790e-01
8.03350e-03
5.16940e-01

YAL018C
YAL018C
-0.227
-0.000
-0.000
5.64090e-01
4.65210e-01
7.47870e-01

YIL002C
INP51
-0.013
-0.194
-0.021
7.93290e-01
3.12900e-03
8.41480e-01

YHR127W
HSN1
0.159
-0.413
0.532
8.85090e-03
3.96450e-03
2.18090e-03

YKL184W
SPE1
-0.030
-0.071
-0.055
5.02650e-01
1.65710e-01
4.99810e-01

YHL023C
YHL023C
0.127
-0.183
0.132
1.31160e-02
3.08130e-02
2.09430e-01

YPR111W
DBF20
0.148
0.137
0.077
7.18020e-03
4.64460e-02
5.45930e-01

YDR494W
YDR494W
0.193
0.010
0.199
5.37600e-05
8.46790e-01
1.09830e-02

YGL044C
RNA15
0.162
-0.211
0.281
1.36390e-03
4.09020e-03
5.74480e-03

YOR132W
VPS17
0.079
0.085
0.150
5.93070e-02
8.09700e-02
5.66330e-02

YFL065C
YFL065C
0.003
-0.061
-0.118
9.58820e-01
3.53180e-01
3.32280e-01

YOL101C
YOL101C
-0.081
-0.111
-0.032
3.58970e-02
2.04630e-02
6.01550e-01

YBR029C
CDS1
-0.032
-0.028
-0.007
5.48140e-01
6.29550e-01
9.45540e-01

YNL122C
YNL122C
-0.074
0.026
-0.045
1.30380e-01
6.23720e-01
6.87930e-01

YIR034C
LYS1
-0.085
-0.272
0.278
3.83370e-02
1.80940e-04
2.17220e-03

YLR268W
SEC22
-0.123
-0.009
-0.541
7.22570e-03
9.03610e-01
6.23470e-05

YHR055C
CUP1B
-0.867
-0.416
0.802
2.88130e-06
2.67530e-02
1.96960e-12

YPR112C
YPR112C
0.227
0.286
0.547
2.47900e-03
3.23240e-04
9.10460e-04

YGR076C
MRPL25
0.145
0.000
0.046
6.24340e-03
9.99999e-01
7.01740e-01

YOR060C
YOR060C
-0.022
-0.126
0.246
6.36010e-01
6.44630e-02
5.29760e-02

YDR495C
VPS3
-0.011
-0.216
0.251
9.79400e-01
7.42430e-01
3.71690e-02

YLR269C
YLR269C
0.015
0.214
0.089
8.95260e-01
1.19540e-01
5.16600e-01

YGL117W
YGL117W
-0.356
-0.740
0.262
3.27050e-08
7.34450e-06
5.06850e-02

YCR008W
SAT4
0.151
0.005
0.135
1.63140e-02
9.64330e-01
3.82500e-01

YJR013W
YJR013W
-0.048
0.064
-0.205
2.99740e-01
2.36720e-01
9.14120e-02

YML070W
DAK1
-0.053
0.171
-0.373
3.31080e-01
9.25650e-04
5.84920e-07

YHR128W
FUR1
-0.091
-0.398
-0.046
1.32070e-01
3.47610e-04
6.87930e-01

YKL185W
ASH1
-0.076
0.215
-0.016
3.69370e-02
8.23600e-05
7.88450e-01

YBR240C
THI2
0.009
-0.054
0.294
9.23040e-01
6.60710e-01
1.43380e-01

YGR149W
YGR149W
-0.610
0.044
-0.364
1.42050e-10
4.73700e-01
3.71270e-08

YOR133W
EFT1
-0.260
-0.053
-0.584
2.95720e-04
2.86080e-01
3.41550e-10

YOR206W
YOR206W
0.145
-0.451
0.325
4.86040e-03
1.20380e-04
1.28960e-02

YGL118C
YGL118C
0.069
-0.184
0.548
4.13750e-01
2.30250e-01
1.87860e-02

YFL066C
YFL066C
0.042
-0.025
-0.357
3.09380e-01
6.07390e-01
7.82560e-06

YOL102C
TPT1
-0.017
-0.181
0.151
7.09610e-01
3.61500e-02
1.67850e-01

YCR009C
RVS161
-0.145
-0.148
0.151
9.60260e-04
9.07840e-03
1.59170e-02

YNL050C
YNL050C
0.301
-0.448
0.594
1.42500e-05
3.19260e-03
7.51240e-04

YMR175W
SIP18
0.018
-0.317
-0.334
6.41590e-01
4.27300e-03
1.79500e-05

YLR196W
PWP1
0.130
-1.068
0.996
9.45220e-03
1.25350e-07
2.86900e-05

YIR035C
YIR035C
-0.464
-0.383
0.005
1.39470e-08
3.58160e-06
9.41780e-01

YHR056C
YHR056C
-0.112
-0.338
0.142
3.27520e-01
4.04810e-01
8.12930e-01

YKL186C
MTR2
0.157
0.035
0.338
7.51310e-03
5.55630e-01
5.61460e-03

YHR129C
ARP1
-0.270
-0.255
0.160
2.40260e-03
3.02210e-02
3.06580e-01

YGR077C
PEX8
-0.064
0.309
-0.177
1.17720e-01
4.87440e-06
7.74640e-02

YDR496C
YDR496C
0.208
-0.295
0.386
7.80620e-05
2.79540e-01
1.48180e-02

YOR207C
RET1
-0.044
0.253
0.242
4.18690e-01
3.91270e-02
2.05150e-01

YAL019W
YAL019W
0.070
-0.000
0.000
9.12230e-02
8.83870e-01
9.99999e-01

YIL003W
YIL003W
-0.071
-0.139
0.131
1.33500e-01
4.94110e-02
2.98400e-01

YHL024W
NOS1
0.154
0.119
-0.136
4.44770e-03
1.57440e-01
2.78720e-01

YGL045W
YGL045W
-0.279
0.097
-0.290
1.36790e-06
5.37860e-02
9.81230e-03

YNL123W
YNL123W
-0.049
-0.206
-0.021
3.41890e-01
7.82600e-02
8.62490e-01

YJR014W
YJR014W
0.070
-0.158
0.090
1.25230e-01
3.77260e-02
3.38880e-01

YIL004C
BET1
-0.093
-0.542
-0.310
1.51940e-01
2.42060e-04
1.15740e-01

YPR040W
YPR040W
0.210
0.070
0.461
7.04270e-05
2.64450e-01
1.11930e-04

YBR241C
YBR241C
-0.056
0.529
-0.121
1.79150e-01
4.64080e-08
5.80590e-02

YPR113W
PIS1
-0.495
0.025
-0.890
1.04560e-09
5.45930e-01
5.62020e-18

YOR061W
CKA2
0.080
-0.124
0.158
5.06040e-02
5.45210e-02
4.93520e-02

YOR134W
BAG7
-0.363
-0.017
0.493
2.86230e-08
7.57500e-01
1.31050e-04

YML072C
YML072C
-0.034
0.298
0.404
4.66330e-01
2.72020e-05
2.97720e-04

YLR197W
SIK1
0.020
-0.521
0.490
7.01740e-01
1.08140e-05
3.38140e-08

YIR036C
YIR036C
0.047
0.286
-0.099
3.02150e-01
1.33720e-05
2.44580e-01

YHR057C
CYP2
0.166
0.026
0.290
8.23870e-04
6.53650e-01
2.28400e-02

YKL187C
YKL187C
0.999
1.222
0.206
7.45680e-11
2.38260e-10
6.22650e-02

YGR078C
PAC10
-0.004
-0.564
0.442
9.28730e-01
8.21280e-05
1.73100e-02

YOR062C
YOR062C
0.168
-0.041
0.391
9.70280e-03
7.47870e-01
1.12720e-02

YOR135C
YOR135C
-0.092
-0.078
-0.816
2.06040e-02
1.00100e-01
5.38730e-16

YDR497C
ITR1
-0.117
-0.068
-0.057
4.17370e-03
1.58480e-01
4.15390e-01

YHL025W
SNF6
-0.001
-0.039
0.133
9.79400e-01
4.12820e-01
1.05750e-01

YLR198C
YLR198C
0.104
-0.598
0.352
7.48800e-02
5.40760e-07
8.48220e-02

YGL046W
YGL046W
-0.123
-0.057
-0.040
1.38370e-01
6.32020e-01
7.78200e-01

YGL119W
ABC1
-0.072
-0.015
-0.030
1.17030e-01
7.78200e-01
7.50240e-01

YOL030W
YOL030W
-0.070
0.093
-0.581
6.59390e-02
5.74330e-02
7.62910e-13

YFL067W
YFL067W
0.053
-0.058
-0.293
1.79630e-01
2.05620e-01
2.52950e-06

YOL103W
ITR2
-0.075
-0.175
-0.282
6.31750e-02
1.26650e-03
2.64440e-06

YNL124W
YNL124W
0.161
-0.220
0.144
2.33450e-03
1.54790e-03
1.97330e-01

YJR015W
YJR015W
-0.149
0.141
-0.345
9.44830e-04
1.87170e-03
5.30400e-07

YDR200C
YDR200C
0.006
-0.236
0.150
8.85690e-01
5.19000e-03
7.77490e-02

YPR041W
TIF5
-0.059
-0.243
-0.177
1.12030e-01
6.19970e-03
1.17380e-02

YHL026C
YHL026C
-0.016
-0.305
0.278
7.99270e-01
2.70020e-02
9.57270e-02

YPR114W
YPR114W
-0.137
-0.063
-0.232
1.21680e-03
1.78030e-01
1.47700e-04

YOR208W
PTP2
-0.274
-0.131
0.210
2.10220e-06
2.93440e-02
5.66470e-03

YOL031C
YOL031C
-0.414
-0.147
-0.424
2.17020e-08
1.21600e-02
1.29710e-04

YOL104C
NDJ1
-0.258
-0.068
-0.554
5.84390e-06
1.47040e-01
3.13410e-08

YNL125C
ESBP6
0.496
0.413
-0.299
5.62760e-09
2.88880e-07
1.31460e-04

YMR177W
MMT1
-0.154
-0.548
-0.151
4.28160e-02
1.47850e-04
6.50980e-01

YJR016C
ILV3
-0.083
0.069
-0.411
5.13550e-02
1.08860e-01
1.21610e-07

YML073C
RPL6A
-0.408
-0.513
-0.563
1.88660e-07
4.20910e-07
9.69810e-08

YHR058C
MED6
0.122
-0.282
0.315
1.47840e-02
3.14050e-03
3.11260e-02

YKL188C
PXA2
0.245
0.182
0.460
1.51890e-04
6.58320e-02
2.83920e-03

YDR498C
SEC20
0.075
0.087
-0.672
8.35390e-02
2.73060e-01
7.22970e-09

YOR209C
NPT1
-0.160
-0.306
-0.027
1.79220e-04
3.19010e-04
6.83090e-01

YIL005W
YIL005W
0.077
-0.235
0.014
5.04880e-01
4.78620e-01
2.67410e-01

YBR242W
YBR242W
0.021
-0.339
0.377
6.58510e-01
1.67070e-04
8.27640e-03

YLR199C
YLR199C
0.078
-0.048
-0.038
1.02770e-01
6.06930e-01
7.52630e-01

YPL010W
RET3
-0.226
-0.075
-0.172
9.94130e-06
1.30710e-01
5.68770e-03

YGL047W
YGL047W
-0.158
0.011
-0.062
1.89420e-03
8.65550e-01
5.58290e-01

YFL068W
YFL068W
0.026
-0.053
-0.112
5.26750e-01
2.45860e-01
1.19590e-01

YNL052W
COX5A
0.103
0.172
-0.222
1.89660e-02
5.14780e-04
7.49870e-05

YIR037W
HYR1
-0.158
0.233
-0.164
2.45880e-04
3.82460e-04
2.86320e-03

YBR170C
NPL4
0.128
-0.134
0.429
7.82980e-03
1.34540e-01
1.61840e-03

YGR079W
YGR079W
0.153
-0.647
0.614
2.24920e-02
2.30870e-05
1.06440e-03

YPR115W
YPR115W
-0.047
0.646
0.191
8.28970e-01
1.39890e-05
4.00110e-01

YBR243C
ALG7
-0.000
0.028
-0.566
9.99999e-01
5.88090e-01
1.78340e-06

YPL011C
TAF47
0.072
-0.145
0.381
1.21700e-01
4.43110e-02
5.56140e-04

YOR063W
RPL3
-0.406
-0.136
-0.368
4.97460e-09
7.20690e-03
5.16440e-06

YGL048C
RPT6
0.153
0.118
0.091
1.72370e-03
2.05020e-02
1.99050e-01

YOR136W
IDH2
-0.064
0.022
-0.728
8.00440e-02
6.76000e-01
4.20290e-16

YOL105C
WSC3
-0.032
0.246
-0.583
4.20350e-01
9.17140e-06
3.63070e-10

YMR178W
YMR178W
-0.077
-0.155
-0.011
1.48650e-01
5.32090e-02
9.41780e-01

YML074C
NPI46
0.118
-0.380
0.389
2.49500e-02
5.29530e-05
3.32330e-05

YJR017C
ESS1
-0.070
-0.057
-0.150
8.18390e-02
2.50710e-01
3.06820e-02

YIR038C
GTT1
-0.181
0.320
-0.080
1.37510e-04
1.24250e-03
2.60520e-01

YOR064C
YOR064C
0.243
-0.036
0.203
2.14200e-05
5.72810e-01
6.87760e-02

YOR137C
YOR137C
-0.253
-0.072
-0.055
4.04090e-06
2.22840e-01
5.83460e-01

YDR201W
SPC19
0.133
-0.120
0.112
9.05470e-03
1.21080e-01
3.64600e-01

YIL006W
YIL006W
-0.077
0.173
-0.133
7.65820e-02
2.93840e-03
2.05430e-01

YHL027W
RIM101
-0.001
-0.078
0.235
9.99999e-01
1.12270e-01
9.91930e-03

YOL032W
YOL032W
0.100
0.306
-0.144
3.66630e-02
8.27680e-05
8.68760e-02

YNL053W
MSG5
0.021
-0.117
0.061
6.46770e-01
6.77520e-02
5.29860e-01

YNL126W
SPC98
0.207
0.068
-0.402
2.33190e-03
4.41900e-01
4.22610e-03

YGR290W
YGR290W
-0.044
0.380
-0.091
5.17270e-01
4.11900e-06
4.52390e-01

YDR202C
YDR202C
0.118
0.246
0.232
1.56420e-02
8.43040e-04
1.88430e-02

YIL007C
YIL007C
0.057
0.175
-0.121
2.29920e-01
1.27990e-03
1.51340e-01

YHR059W
YHR059W
0.043
-0.236
0.740
6.42100e-01
2.07900e-01
1.16680e-02

YMR251W-A
HOR7
-0.054
0.038
-0.167
1.40300e-01
3.78980e-01
2.53290e-03

YKL189W
HYM1
0.033
0.032
0.038
5.70010e-01
6.34510e-01
7.04990e-01

YPR043W
RPL43A
-0.292
-0.268
-0.167
1.81140e-06
2.57450e-05
1.83140e-03

YPR116W
YPR116W
-0.092
-0.314
0.215
1.34710e-01
6.64480e-02
2.57900e-01

YDR499W
YDR499W
0.277
0.053
0.274
1.20410e-03
7.84660e-01
7.08160e-02

YGL049C
TIF4632
0.075
-0.265
0.234
1.28210e-01
3.53260e-02
1.66810e-01

YMR179W
SPT21
0.003
-0.306
0.616
9.53960e-01
4.27310e-02
2.96520e-02

YML075C
HMG1
-0.026
0.000
0.000
5.70810e-01
9.99999e-01
9.99999e-01

YGR291C
YGR291C
-0.345
-0.290
0.060
3.31890e-02
1.97960e-01
9.12770e-01

YIR039C
YPS6
-0.217
0.402
-0.648
5.46180e-05
1.37130e-05
1.14010e-14

YOR138C
YOR138C
0.097
-0.329
0.448
2.43810e-02
5.25640e-05
1.06230e-04

YBR171W
SEC66
0.104
-0.453
0.458
1.45200e-01
3.09920e-05
1.81580e-04

YBR244W
YBR244W
-0.050
-0.123
0.111
4.71980e-01
1.74400e-01
4.51850e-01

YHL028W
WSC4
-0.989
0.010
-0.462
5.04640e-07
8.40180e-01
1.16750e-06

YPL012W
YPL012W
0.142
0.341
0.030
1.23120e-02
1.56750e-01
9.28730e-01

YOL033W
MSE1
-0.024
-0.025
-0.260
6.41080e-01
6.92240e-01
7.15980e-02

YOL106W
YOL106W
-0.261
0.143
-0.295
3.32460e-07
1.74950e-02
3.35500e-06

YNL054W
VAC7
0.103
-0.018
0.279
2.68570e-02
7.65030e-01
1.08970e-02

YNL127W
YNL127W
0.212
-0.037
0.126
6.46410e-04
6.64590e-01
3.20400e-01

YJR018W
YJR018W
-0.127
-0.040
-0.131
3.37240e-02
5.19610e-01
2.09820e-01

YDR130C
YDR130C
0.099
-0.026
0.149
4.05510e-02
5.96700e-01
2.38630e-01

YBR172C
SMY2
0.169
-0.260
0.574
5.29640e-03
1.23630e-02
5.86440e-02

YBR245C
ISW1
0.233
0.378
-0.001
3.67290e-05
2.71320e-04
9.99999e-01

YHL029C
YHL029C
0.126
-0.427
0.113
9.30850e-03
1.77570e-04
3.83330e-01

YPR117W
YPR117W
0.119
0.000
0.000
2.87210e-01
9.99999e-01
9.99999e-01

YPL013C
YPL013C
0.196
-0.153
0.260
3.26830e-04
2.96750e-02
3.58830e-02

YOR065W
CYT1
0.193
0.074
-0.335
1.92250e-04
1.37530e-01
8.00860e-08

YNL055C
POR1
0.004
0.110
-0.309
9.15220e-01
9.28760e-03
1.53470e-06

YJR019C
TES1
0.508
0.411
0.060
1.75410e-08
6.99540e-08
5.43370e-01

YML076C
YML076C
0.034
-0.037
-0.323
5.38680e-01
6.56340e-01
6.50790e-03

YPR045C
YPR045C
0.178
0.047
0.078
2.01260e-03
4.62710e-01
3.77350e-01

YOR139C
YOR139C
-0.002
-0.088
0.704
9.99999e-01
8.21910e-01
6.80550e-02

YGL260W
YGL260W
-0.193
0.120
-0.241
1.01460e-04
3.44410e-02
5.35930e-02

YIL008W
YIL008W
-0.167
-0.340
-0.185
3.46840e-02
8.38500e-03
5.28470e-01

YOL034W
YOL034W
0.526
-0.000
0.721
3.81120e-02
3.97460e-01
1.03570e-03

YOL107W
YOL107W
-0.162
-0.168
-0.557
5.21500e-03
2.45310e-02
2.19460e-04

YER110C
KAP123
0.050
-0.233
0.430
2.60520e-01
2.96450e-04
3.63440e-07

YNL128W
TEP1
-0.092
-0.176
0.036
3.02760e-01
3.00640e-01
8.70280e-01

YGR292W
MAL12
0.077
0.235
-0.706
5.80150e-01
1.21510e-02
1.34380e-04

YDR131C
YDR131C
-0.025
0.168
-0.309
6.60160e-01
2.54550e-02
6.85460e-03

YGL261C
YGL261C
-0.041
0.051
-0.166
3.14580e-01
3.31760e-01
1.10620e-01

YBR173C
UMP1
-0.014
0.125
-0.014
7.03680e-01
5.45430e-02
8.41480e-01

YPR118W
YPR118W
-0.164
-0.333
-0.082
1.23530e-04
1.38140e-04
2.81330e-01

YOR066W
YOR066W
-0.271
-0.038
-0.248
3.31450e-06
4.54800e-01
4.00690e-03

YOL035C
YOL035C
-0.048
-0.342
0.764
7.68460e-01
3.02910e-01
1.54400e-03

YOL108C
INO4
-0.027
0.069
0.227
5.99330e-01
2.18120e-01
3.31890e-02

YGR293C
YGR293C
-0.189
-0.365
0.144
1.20240e-02
7.11340e-02
4.25650e-01

YOR350C
MNE1
0.086
0.161
0.081
7.80040e-02
1.14510e-02
4.14680e-01

YOR067C
ALG8
-0.296
-0.056
-0.395
1.56880e-07
2.48330e-01
6.03130e-08

YDR204W
COQ4
0.073
0.171
-0.050
7.60820e-02
1.75850e-03
4.06850e-01

YDL100C
YDL100C
-0.097
-0.197
-0.352
1.07790e-02
2.17060e-03
2.08140e-07

YIL009W
FAA3
0.114
-0.513
0.253
9.89330e-02
2.06070e-03
4.05490e-01

YBR246W
YBR246W
-0.115
-0.118
0.001
1.76830e-02
3.30340e-02
9.99999e-01

YPL014W
YPL014W
-0.720
-0.369
-0.446
5.82460e-10
3.57410e-06
1.29870e-08

YNL056W
YNL056W
-0.147
-0.063
0.027
3.74670e-03
2.71600e-01
7.95260e-01

YER111C
SWI4
0.195
-0.105
0.160
5.61340e-04
3.32110e-01
1.55580e-01

YNL129W
YNL129W
-0.010
-0.798
-0.126
9.05810e-01
4.29430e-05
8.10760e-01

YML077W
BET5
-0.086
-0.468
0.425
3.90950e-01
3.25750e-02
2.19440e-01

YDR132C
YDR132C
0.043
0.089
-0.080
3.42960e-01
3.43320e-01
4.05260e-01

YJR010C-A
SPC1
-0.139
0.032
-0.120
5.09070e-02
6.57970e-01
4.63260e-01

YPR046W
MCM16
-0.068
-0.441
0.515
3.72490e-01
5.63390e-02
1.44380e-01

YBR174C
YBR174C
-0.100
-0.763
-0.000
3.55800e-01
2.91270e-03
9.10390e-01

YBR247C
ENP1
0.298
-1.047
1.231
4.18250e-06
4.88630e-06
1.30720e-04

YPR119W
CLB2
-0.234
-0.279
-0.342
3.92460e-06
6.26350e-04
1.64240e-05

YPL015C
HST2
-0.290
0.253
-0.318
1.21250e-06
1.13360e-05
1.30630e-05

YER093C-A
YER093C-A
0.085
0.059
-0.044
1.27010e-01
5.57150e-01
7.37130e-01

YOR351C
MEK1
0.480
0.166
0.976
1.44760e-01
5.45190e-01
7.02200e-03

YOR068C
YOR068C
0.083
-0.083
0.312
2.74660e-01
5.50740e-01
1.32700e-01

YDR205W
YDR205W
0.051
0.197
0.273
4.17980e-01
9.90570e-02
2.52010e-02

YGL262W
YGL262W
-0.261
-0.235
0.000
4.27480e-02
3.65180e-01
9.99999e-01

YDL101C
DUN1
0.262
-0.046
-0.093
6.27690e-04
6.87320e-01
5.44100e-01

YBL070C
YBL070C
-0.108
-0.469
-0.027
5.24350e-01
1.25940e-02
9.20340e-01

YJL200C
YJL200C
0.195
-0.263
-0.051
1.97300e-04
2.73050e-03
6.12880e-01

YOL036W
YOL036W
0.015
-0.000
-0.388
7.13640e-01
6.64590e-01
3.20400e-01

YOL109W
ZEO1
0.260
-0.333
0.210
3.65330e-06
2.28140e-05
4.29350e-03

YNL057W
YNL057W
-0.523
-0.184
-0.012
1.43160e-08
4.57890e-02
9.10390e-01

YML078W
CPR3
-0.148
0.205
-0.421
6.42720e-04
6.21060e-05
4.92370e-09

YGR294W
YGR294W
-0.169
0.058
0.162
1.00240e-02
4.55880e-01
2.54210e-01

YDR133C
YDR133C
0.064
0.329
-0.213
1.03640e-01
4.17380e-06
4.01040e-04

YGL190C
CDC55
-0.007
-0.035
-0.004
8.60990e-01
4.62160e-01
9.64330e-01

YPR047W
MSF1
-0.182
0.231
-0.812
8.03120e-04
5.26890e-04
1.40250e-07

YBR248C
HIS7
-0.258
-1.252
0.898
2.31510e-06
1.65490e-07
3.30470e-05

YOL037C
YOL037C
-0.004
-0.059
0.724
9.58820e-01
7.37880e-01
3.63570e-03

YNL058C
YNL058C
-0.515
-0.138
0.045
2.42120e-09
1.70680e-02
4.42940e-01

YGR295C
COS6
-0.150
0.227
-0.534
6.86790e-04
5.52950e-05
4.98880e-13

YER112W
LSM4
0.193
-0.181
0.151
7.05270e-05
3.75910e-03
1.36530e-01

YDR060W
YDR060W
0.139
0.371
0.000
2.58770e-01
2.38860e-01
4.45530e-01

YCR081W
SRB8
0.213
0.261
0.140
2.24660e-02
5.39360e-02
5.14290e-01

YDR206W
EBS1
0.008
-0.111
0.389
9.05810e-01
3.58830e-01
9.01330e-02

YGL263W
COS12
-0.562
-0.105
-0.093
2.24820e-04
6.13340e-01
5.60600e-01

YCL050C
APA1
-0.252
-0.199
-0.286
3.34550e-05
4.65370e-03
2.32880e-06

YBR175W
YBR175W
-0.066
-0.356
0.268
2.11370e-01
3.25670e-04
1.02260e-01

YBL071C
YBL071C
-0.033
-0.552
0.323
8.10760e-01
4.09680e-02
2.90930e-01

YER113C
YER113C
-0.023
-0.501
-0.103
7.35640e-01
1.00950e-02
6.80110e-01

YML079W
YML079W
-0.001
0.001
-0.018
9.79400e-01
9.99999e-01
8.59500e-01

YOR352W
YOR352W
0.154
0.264
-0.172
1.96490e-03
7.97310e-05
4.25460e-02

YDR207C
UME6
0.084
0.138
0.041
6.33800e-02
5.02630e-02
7.51830e-01

YPR048W
TAH18
0.113
-0.191
0.289
1.28930e-01
5.45560e-01
6.30480e-02

YJR160C
YJR160C
-0.097
0.154
-0.228
3.04920e-02
5.09710e-03
2.31660e-02

YBR249C
ARO4
-0.260
-0.106
-0.388
5.13620e-07
3.09810e-02
8.92580e-08

YOR069W
VPS5
0.075
-0.079
0.378
7.97500e-02
1.97960e-01
1.06870e-03

YPL017C
YPL017C
0.031
0.198
0.040
5.11010e-01
6.71620e-03
7.24030e-01

YDL102W
CDC2
0.043
0.000
0.000
5.29510e-01
9.99999e-01
9.99999e-01

YNL059C
ARP5
0.221
-0.214
0.046
1.47750e-04
9.06220e-04
5.93230e-01

YOR280C
YOR280C
-0.053
-0.151
-0.324
1.68680e-01
9.18760e-03
3.53860e-04

YOR353C
YOR353C
0.025
-0.093
0.237
5.58290e-01
2.35500e-01
2.40090e-02

YJL201W
ECM25
0.013
-0.168
-0.073
8.33850e-01
4.46800e-02
6.69660e-01

YPR049C
YPR049C
0.377
0.717
0.629
1.65660e-04
6.56950e-06
8.08040e-04

YER040W
GLN3
0.098
-0.513
0.537
3.83750e-01
1.03210e-02
1.86830e-03

YDR061W
YDR061W
0.042
0.211
-0.071
3.37130e-01
1.61180e-02
4.08670e-01

YGL191W
COX13
0.030
0.089
0.015
4.28090e-01
3.83670e-02
7.78200e-01

YCR082W
YCR082W
0.065
-0.024
0.461
2.52760e-01
6.47290e-01
7.70770e-05

YDL103C
QRI1
0.113
-0.021
-0.320
1.32310e-02
7.39390e-01
1.16490e-04

YBR176W
ECM31
-0.019
-0.287
0.083
7.09610e-01
3.93260e-03
5.43730e-01

YBL072C
RPS8A
-0.342
-0.370
-0.046
9.92050e-06
2.95530e-06
4.39850e-01

YOL038W
PRE6
0.079
-0.158
0.239
4.66490e-02
2.99260e-03
1.58020e-03

YJL202C
YJL202C
0.064
-0.437
-0.428
5.83460e-01
2.21490e-01
2.06280e-01

YIL150C
DNA43
-0.043
-0.574
0.278
6.40570e-01
4.53610e-04
1.08220e-01

YER114C
BOI2
0.021
0.051
-0.004
5.89790e-01
2.64830e-01
9.64330e-01

YGR296W
YRF1-3
0.015
-0.206
0.015
6.83690e-01
9.55870e-03
8.01300e-01

YDR135C
YCF1
0.170
-0.044
0.370
2.14230e-04
3.81250e-01
2.36960e-04

YNL270C
ALP1
1.046
0.139
0.709
7.50780e-11
1.92290e-01
3.70640e-04

YBR177C
EHT1
-0.303
0.149
-0.756
2.73030e-06
1.39530e-03
2.25960e-14

YJR161C
COS5
-0.195
0.235
-0.547
3.58380e-05
3.13090e-05
3.24500e-13

YDL030W
PRP9
0.244
-0.119
0.339
2.76580e-04
2.56290e-01
1.18220e-02

YCL051W
LRE1
-0.134
-0.029
-0.023
5.60640e-03
6.83090e-01
8.48150e-01

YOR281C
YOR281C
0.226
-0.398
0.310
1.90830e-04
1.29160e-04
1.14380e-02

YOR354C
YOR354C
0.022
0.200
-0.089
5.76860e-01
3.36040e-04
2.44930e-01

YFR020W
YFR020W
-0.225
0.059
-0.101
1.25560e-03
4.40110e-01
4.01000e-01

YER041W
YER041W
-0.146
-0.168
-0.080
3.53680e-02
2.73060e-01
6.32510e-01

YDR062W
LCB2
-0.171
-0.122
-0.315
9.15550e-05
1.30620e-02
5.50800e-06

YGL192W
IME4
-0.094
0.302
-0.209
3.19840e-02
5.27670e-05
2.17790e-02

YDR208W
MSS4
0.266
0.106
0.253
1.63270e-04
4.32540e-01
1.13270e-01

YCR083W
TRX3
-0.050
0.000
0.403
3.74500e-01
9.99999e-01
6.12210e-03

YDL104C
QRI7
0.082
-0.201
0.233
1.21130e-01
9.12600e-02
1.01700e-01

YCL052C
PBN1
-0.040
0.152
-0.031
2.66110e-01
8.82780e-03
6.24690e-01

YPL018W
CTF19
-0.074
0.216
0.019
1.48070e-01
1.86490e-03
8.58030e-01

YJL130C
URA2
-0.228
-0.466
-0.611
4.06770e-06
6.97850e-05
4.83520e-10

YOL039W
RPP2A
-0.190
-0.058
-0.233
3.45050e-05
1.96530e-01
2.56870e-04

YIL151C
YIL151C
-0.112
-0.121
0.000
3.78570e-01
4.58860e-01
9.99999e-01

YER115C
SPR6
0.025
-0.098
0.049
6.67390e-01
3.00950e-01
7.55050e-01

YDR136C
YDR136C
0.085
-0.232
0.205
6.22290e-01
4.40360e-01
4.57500e-01

YGL193C
YGL193C
-0.222
0.111
-0.170
2.50510e-05
2.25870e-02
4.02650e-02

YCR084C
TUP1
0.044
0.704
-0.091
2.85510e-01
1.83200e-04
6.94110e-01

YDR209C
YDR209C
-0.121
-0.350
-0.071
2.92300e-02
6.83740e-05
6.59610e-01

YLR120C
YPS1
-0.530
-0.062
0.080
5.07790e-09
1.54630e-01
1.66890e-01

YNL271C
BNI1
-0.161
-0.104
-0.403
2.36290e-04
2.29980e-02
9.80940e-09

YJR162C
YJR162C
0.198
-0.169
-0.146
2.85920e-02
4.17030e-01
5.95390e-01

YEL010W
YEL010W
-0.580
-0.298
-0.305
4.19520e-03
4.19870e-01
7.95860e-02

YPL019C
YPL019C
-0.119
-0.167
-0.396
8.65180e-03
7.16420e-03
1.07430e-08

YDL031W
DBP10
0.239
0.923
0.618
2.03190e-04
4.58660e-04
4.02320e-03

YBL073W
YBL073W
-0.028
-0.412
0.256
9.15220e-01
2.00870e-01
4.71410e-01

YJL203W
PRP21
0.083
-0.460
0.401
1.37830e-01
6.54100e-04
4.68810e-03

YFR021W
YFR021W
-0.001
0.054
-0.078
9.99999e-01
4.18210e-01
4.24190e-01

YER042W
MXR1
0.031
-0.109
0.718
4.71410e-01
6.29720e-02
1.45950e-06

YDR063W
YDR063W
0.013
-0.056
-0.090
7.65030e-01
2.84810e-01
2.75730e-01

YBR178W
YBR178W
-0.260
0.123
-0.583
1.99790e-05
3.20220e-02
2.14400e-03

YKL110C
KTI12
0.093
-0.433
0.073
1.57990e-01
3.82730e-04
6.64590e-01

YBL074C
AAR2
-0.079
-0.266
-0.027
2.65600e-01
9.16020e-02
8.73540e-01

YGR001C
YGR001C
-0.076
-0.275
-0.198
5.71810e-02
1.11060e-04
8.68400e-02

YJL131C
YJL131C
0.078
-0.120
0.357
2.02350e-01
2.09920e-01
2.04860e-02

YJL204C
YJL204C
0.062
-0.114
0.000
6.67390e-01
7.98260e-01
9.99999e-01

YER043C
SAH1
-0.050
-0.283
-0.133
2.26820e-01
3.10940e-04
2.22010e-02

YER116C
YER116C
0.029
-0.110
0.182
5.60990e-01
1.83790e-01
1.39150e-01

YOR282W
YOR282W
0.151
-0.468
0.131
2.81600e-01
4.77720e-02
7.48650e-01

YGL194C
HOS2
0.202
-0.053
0.060
1.87710e-03
6.53110e-01
5.89370e-01

YOR355W
GDS1
-0.176
-0.044
0.430
1.66130e-04
4.57770e-01
6.26660e-03

YLR121C
YPS3
-0.685
-0.269
-0.040
1.01020e-11
8.97950e-05
5.53740e-01

YBR179C
FZO1
0.240
0.100
0.243
1.87520e-05
6.53280e-02
5.80820e-02

YNL272C
SEC2
0.153
-0.069
0.045
1.27460e-02
6.01990e-01
7.27590e-01

YJR090C
GRR1
0.116
0.052
-0.028
2.31930e-02
3.21870e-01
7.53440e-01

YEL011W
GLC3
-0.260
0.775
-0.496
2.91960e-06
2.01080e-07
4.65540e-10

YDL032W
YDL032W
-0.122
-0.280
-0.047
5.68420e-01
5.16940e-01
8.60990e-01

YDL105W
QRI2
0.293
-0.639
0.837
6.73930e-05
5.39110e-03
1.73570e-03

YDR420W
HKR1
0.314
-0.215
0.095
6.55670e-05
1.46280e-01
8.07550e-01

YFR022W
YFR022W
-0.460
-0.105
-0.295
7.44500e-08
2.51790e-01
9.25950e-02

YIL152W
YIL152W
0.060
0.071
0.029
1.44500e-01
9.78240e-02
6.60710e-01

YMR100W
MUB1
0.032
-0.194
0.332
4.74270e-01
2.61610e-02
2.30240e-02

YDR064W
RPS13
-0.489
-0.228
-0.768
5.04000e-08
6.57630e-04
3.42590e-14

YDR137W
RGP1
0.204
-0.103
0.065
6.31200e-05
1.11180e-01
4.73990e-01

YPL230W
USV1
0.059
0.335
-0.159
1.31280e-01
1.31410e-05
1.36050e-02

YDL033C
YDL033C
0.017
-0.032
0.174
8.03360e-01
7.77300e-01
3.01850e-01

YCR085W
YCR085W
-0.473
-0.266
0.483
1.09180e-02
2.50110e-01
3.46430e-02

YDL106C
GRF10
0.075
0.078
0.033
5.54670e-02
7.04150e-02
5.70810e-01

YKL111C
YKL111C
0.452
-0.086
0.000
1.26600e-02
8.40180e-01
7.37880e-01

YBL075C
SSA3
-0.281
0.232
-0.630
4.00040e-04
4.31640e-04
8.09250e-11

YGR002C
YGR002C
0.016
-0.167
0.207
7.05640e-01
1.57250e-02
7.00150e-02

YER044C
YER044C
-0.099
0.212
-0.277
1.75550e-02
1.61430e-03
3.66180e-04

YMR101C
YMR101C
0.004
-0.477
-1.796
9.99999e-01
9.12230e-02
2.86140e-06

YOR283W
YOR283W
0.099
-0.410
0.261
1.89730e-02
2.01820e-05
1.95010e-02

YOR356W
YOR356W
0.291
-0.102
0.046
4.64100e-06
3.72490e-01
6.84290e-01

YLR122C
YLR122C
-0.000
0.194
0.000
6.89160e-01
6.68520e-01
9.99999e-01

YJR091C
JSN1
-0.023
0.070
0.266
8.17360e-01
5.88090e-01
1.73630e-01

YEL012W
UBC8
0.289
0.241
0.377
4.64100e-06
2.21210e-05
4.31400e-05

YCL054W
SPB1
0.386
-0.350
0.000
3.89890e-02
1.07040e-01
9.99999e-01

